00000;00000;00000;00000;00000
00000;00000;00000;00000;00010
00000;00000;00000;00000;00110
00000;00000;00000;00001;00010
00000;00000;00000;00001;00020
00000;00000;00000;00001;00100
00000;00000;00000;00001;00110
00000;00000;00000;00100;00110
00000;00000;00000;00101;00110
00000;00000;00001;00001;00110
00000;00000;00001;00100;00010
00000;00000;00001;00100;00110
00000;00000;00001;00101;00110
00000;00000;00011;00101;00110
00004;00004;00004;00004;44440
00004;00004;00004;00104;44440
00004;00004;00014;00104;44440
00033;00033;00033;33300;33300
00222;00222;22000;22000;22000
00222;00222;22000;22000;22010
00222;00222;22000;22000;23000
00222;00222;22000;22001;22010
00222;00223;22000;22000;23000
00234;00234;22043;33402;44320
01111;10000;10000;10000;10000
01134;10043;10043;34401;43310
00000;00000;00000;00000;00001
00000;00000;00000;00000;00011
00000;00000;00000;00000;00021
00000;00000;00000;00000;00111
00000;00000;00000;00001;00011
00000;00000;00000;00001;00021
00000;00000;00000;00001;00101
00000;00000;00000;00001;00111
00000;00000;00000;00002;00021
00000;00000;00000;00100;00001
00000;00000;00000;00100;00011
00000;00000;00000;00100;00101
00000;00000;00000;00100;00111
00000;00000;00000;00101;00011
00000;00000;00000;00101;00101
00000;00000;00000;00101;00111
00000;00000;00001;00001;00111
00000;00000;00001;00100;00011
00000;00000;00001;00100;00111
00000;00000;00001;00101;00111
00000;00000;00010;00100;00001
00000;00000;00010;00100;00011
00000;00000;00010;00100;00111
00000;00000;00010;00101;00011
00000;00000;00010;00101;00101
00000;00000;00010;00101;00111
00000;00000;00011;00101;00111
00000;00002;00000;00000;02001
00000;00002;00000;00000;02021
00000;00002;00000;00002;02021
00030;00030;00030;33303;00031
00030;00030;00030;33303;00131
00030;00030;00031;33303;00131
00030;00032;00030;33303;02031
00033;00033;00033;33300;33301
00220;00220;22002;22002;00221
00222;00222;22000;22000;22001
00222;00222;22000;22000;22011
00222;00222;22000;22001;22011
00222;00223;22000;22000;23001
00000;00000;00000;00000;00004
00000;00000;00000;00000;00034
00000;00000;00000;00000;00224
00000;00000;00000;00000;00234
00000;00000;00000;00000;01114
00000;00000;00000;00000;01134
00000;00000;00000;00000;01234
00000;00000;00000;00000;44444
00000;00000;00000;00003;00034
00000;00000;00000;00003;00204
00000;00000;00000;00003;00234
00000;00000;00000;00003;01104
00000;00000;00000;00003;01134
00000;00000;00000;00003;01204
00000;00000;00000;00003;01234
00000;00000;00000;00100;00004
00000;00000;00000;00100;01034
00000;00000;00000;00100;01134
00000;00000;00000;00100;44444
00000;00000;00000;00103;00204
00000;00000;00000;00103;01234
00000;00000;00002;00002;00224
00000;00000;00002;00002;00234
00000;00000;00002;00002;01014
00000;00000;00002;00002;01224
00000;00000;00002;00002;01234
00000;00000;00002;00003;00234
00000;00000;00002;00003;01034
00000;00000;00002;00003;01224
00000;00000;00002;00003;01234
00000;00000;00010;00100;00004
00000;00000;00010;00100;44444
00000;00001;00001;00001;01114
00000;00001;00001;00001;01134
00000;00001;00001;00001;01224
00000;00001;00001;00001;01234
00000;00001;00001;00003;01134
00000;00001;00001;00003;01214
00000;00001;00001;00003;01234
00000;00001;00002;00003;01234
00000;00001;00002;00100;01034
00000;00001;00002;00100;01134
00000;00001;00002;00101;01134
00000;00001;00002;00103;01234
00000;00001;00012;00103;01234
00004;00004;00004;00004;44444
00004;00004;00004;00104;44444
00004;00004;00014;00104;44444
00030;00030;00030;33303;00034
00030;00030;00030;33303;00234
00030;00030;00030;33303;01134
00030;00030;00030;33303;01234
00030;00030;00032;33303;00234
00030;00030;00032;33303;01034
00030;00030;00032;33303;01234
00030;00031;00031;33303;01134
00030;00031;00031;33303;01234
00030;00031;00032;33303;01234
00034;00034;00034;33304;44444
00220;00220;22002;22002;00224
00220;00220;22002;22002;00234
00220;00220;22002;22002;01224
00220;00220;22002;22002;01234
00220;00220;22002;22003;00234
00220;00220;22002;22003;01224
00220;00220;22002;22003;01234
00220;00221;22002;22002;01224
00220;00221;22002;22002;01234
00220;00221;22002;22003;01234
00224;00224;22004;22004;44444
01110;10001;10001;10001;01114
01110;10001;10001;10001;01134
01110;10001;10001;10001;01224
01110;10001;10001;10001;01234
01110;10001;10001;10003;01134
01110;10001;10001;10003;01214
01110;10001;10001;10003;01234
01110;10001;10002;10002;01224
01110;10001;10002;10002;01234
01110;10001;10002;10003;01234
01114;10004;10004;10004;44444
01230;10321;23012;32103;01234
01234;10324;23014;32104;44444
00000;00000;00000;00010;00001
00000;00000;00000;00010;00011
00000;00000;00000;00010;00021
00000;00000;00000;00010;00101
00000;00000;00000;00010;00111
00000;00000;00000;00011;00011
00000;00000;00000;00011;00021
00000;00000;00000;00011;00101
00000;00000;00000;00011;00111
00000;00000;00000;00012;00021
00000;00000;00000;00110;00101
00000;00000;00000;00110;00111
00000;00000;00000;00111;00111
00000;00000;00001;00010;00101
00000;00000;00001;00010;00111
00000;00000;00001;00011;00111
00000;00000;00001;00110;00001
00000;00000;00001;00110;00011
00000;00000;00001;00110;00101
00000;00000;00001;00110;00111
00000;00000;00001;00111;00001
00000;00000;00001;00111;00011
00000;00000;00001;00111;00101
00000;00000;00001;00111;00111
00000;00000;00011;00110;00101
00000;00000;00011;00110;00111
00000;00000;00011;00111;00111
00000;00022;00000;02011;02011
00200;00200;22022;00210;00201
00200;00200;22022;00210;00211
00200;00200;22022;00211;00211
00202;00202;22020;00212;22021
00222;00222;22000;22010;22001
00222;00222;22000;22010;22011
00222;00222;22000;22011;22011
01034;10143;01034;34310;43401
01134;10043;10043;34410;43301
00000;00000;00000;00010;00002
00000;00000;00000;00010;00012
00000;00000;00000;00011;00012
00000;00000;00000;00011;00022
00000;00000;00001;00010;00102
00000;00000;00001;00010;00112
00000;00000;00001;00011;00112
00000;00000;00001;00012;00123
00000;00000;00000;00010;00004
00000;00000;00000;00010;00204
00000;00000;00000;00010;00224
00000;00000;00000;00010;44444
00000;00000;00000;00110;00004
00000;00000;00000;00110;44444
00000;00000;00002;00010;00204
00000;00000;00002;00012;00224
00000;00000;00010;00010;01224
00000;00000;00010;00010;44444
00000;00000;00010;00110;00004
00000;00000;00010;00110;44444
00000;00000;00012;00012;01234
00000;00001;00000;00013;01034
00000;00001;00000;00013;01234
00000;00001;00001;00013;01134
00000;00001;00001;00013;01234
00000;00001;00002;00013;01234
00000;00001;00002;00113;01234
00000;00001;00012;00113;01234
00000;00020;00000;02010;00004
00000;00020;00000;02010;44444
00000;00021;00002;02013;01234
00004;00004;00004;00014;44444
00004;00004;00004;00114;44444
00004;00004;00014;00114;44444
00004;00024;00004;02014;44444
00200;00200;22022;00210;00204
00200;00201;22022;00213;01234
00204;00204;22024;00214;44444
00220;00220;22002;22012;00224
00220;00221;22002;22013;01234
00224;00224;22004;22014;44444
00000;00000;00000;00033;00033
00000;00000;00000;00033;00133
00000;00000;00000;00034;00043
00000;00000;00000;00233;00233
00000;00000;00000;00234;00243
00000;00000;00000;01133;01133
00000;00000;00000;01134;01143
00000;00000;00000;01233;01233
00000;00000;00000;01234;01243
00000;00000;00000;01234;02143
00000;00000;00000;33333;33333
00000;00000;00001;00033;00133
00000;00000;00001;01233;01233
00000;00000;00001;33333;33333
00000;00000;00022;00233;00233
00000;00000;00022;00234;00243
00000;00000;00022;01033;01033
00000;00000;00022;01034;01043
00000;00000;00022;01233;01233
00000;00000;00022;01234;01243
00000;00011;00011;01133;01133
00000;00011;00011;01134;01143
00000;00011;00011;01233;01233
00000;00011;00011;01234;01243
00000;00011;00022;01233;01233
00000;00011;00022;01234;01243
00000;00011;00022;01234;02143
00000;00012;00021;01234;02143
00033;00033;00033;33333;33333
00033;00033;00033;33333;44433
00034;00034;00034;33333;44433
00034;00034;00034;33334;44443
00200;00200;22022;00233;00233
00200;00200;22022;00234;00243
00200;00200;22022;01233;01233
00200;00200;22022;01234;01243
00200;00211;22022;01233;01233
00200;00211;22022;01234;01243
00202;00202;22020;00234;22043
00202;00202;22020;33434;44343
00233;00233;22033;33333;33333
00233;00233;22033;33333;44433
00234;00234;22034;33333;44433
00234;00234;22034;33334;44443
00234;00234;22043;33434;44343
01100;10011;10011;01133;01133
01100;10011;10011;01134;01143
01100;10011;10011;01233;01233
01100;10011;10011;01234;01243
01100;10011;10022;01233;01233
01100;10011;10022;01234;01243
01101;10010;10010;01134;10043
01101;10010;10010;34434;43343
01133;10033;10033;33333;33333
01133;10033;10033;33333;44433
01134;10034;10034;33333;44433
01134;10034;10034;33334;44443
01134;10043;10043;34434;43343
00000;00000;00000;00030;00004
00000;00000;00000;00030;00204
00000;00000;00000;00030;01104
00000;00000;00000;00030;01204
00000;00000;00000;00030;44444
00000;00000;00000;00033;00034
00000;00000;00000;00033;00044
00000;00000;00000;00033;00234
00000;00000;00000;00033;01134
00000;00000;00000;00033;01234
00000;00000;00000;00034;44444
00000;00000;00000;00230;01004
00000;00000;00000;00230;44444
00000;00000;00000;00233;00234
00000;00000;00000;00233;00244
00000;00000;00000;00233;01234
00000;00000;00000;00234;00234
00000;00000;00000;00234;02234
00000;00000;00000;00234;44444
00000;00000;00000;01130;44444
00000;00000;00000;01133;01134
00000;00000;00000;01133;01144
00000;00000;00000;01133;01234
00000;00000;00000;01133;02244
00000;00000;00000;01134;01134
00000;00000;00000;01134;44444
00000;00000;00000;01230;44444
00000;00000;00000;01233;01234
00000;00000;00000;01233;01244
00000;00000;00000;01234;01234
00000;00000;00000;01234;44444
00000;00000;00000;33333;33334
00000;00000;00000;33333;44444
00000;00000;00002;00030;00204
00000;00000;00002;00030;01004
00000;00000;00002;00030;01204
00000;00000;00002;00033;00234
00000;00000;00002;00033;01034
00000;00000;00002;00033;01234
00000;00000;00002;00230;00004
00000;00000;00002;00230;01004
00000;00000;00002;00232;00004
00000;00000;00002;00232;01004
00000;00000;00002;00233;00234
00000;00000;00002;00233;01234
00000;00000;00002;01030;00004
00000;00000;00002;01030;00204
00000;00000;00002;01033;01034
00000;00000;00002;01033;01234
00000;00000;00002;01230;00004
00000;00000;00002;01232;00004
00000;00000;00002;01233;01234
00000;00000;00002;33333;00004
00000;00000;00002;33333;00034
00000;00000;00002;33333;00204
00000;00000;00002;33333;00234
00000;00000;00002;33333;01004
00000;00000;00002;33333;01034
00000;00000;00002;33333;01204
00000;00000;00002;33333;01234
00000;00000;00002;33333;33334
00000;00000;00003;33333;44444
00000;00000;00022;00033;01234
00000;00000;00022;00233;00234
00000;00000;00022;00233;00244
00000;00000;00022;00233;01234
00000;00000;00022;01033;01034
00000;00000;00022;01033;01044
00000;00000;00022;01033;01234
00000;00000;00022;01233;01234
00000;00000;00022;01233;01244
00000;00000;00022;01234;01234
00000;00001;00001;00030;01104
00000;00001;00001;00030;01204
00000;00001;00001;00033;01134
00000;00001;00001;00033;01234
00000;00001;00001;01130;00004
00000;00001;00001;01131;00004
00000;00001;00001;01133;01134
00000;00001;00001;01133;01234
00000;00001;00001;01230;00004
00000;00001;00001;01231;00004
00000;00001;00001;01233;01234
00000;00001;00001;33333;00004
00000;00001;00001;33333;00034
00000;00001;00001;33333;01104
00000;00001;00001;33333;01134
00000;00001;00001;33333;01204
00000;00001;00001;33333;01234
00000;00001;00001;33333;33334
00000;00001;00002;00030;01204
00000;00001;00002;00033;01234
00000;00001;00002;00230;01004
00000;00001;00002;00232;01004
00000;00001;00002;00233;01234
00000;00001;00002;01133;01134
00000;00001;00002;01133;01234
00000;00001;00002;01230;00004
00000;00001;00002;01231;00004
00000;00001;00002;01233;01234
00000;00001;00002;33333;00004
00000;00001;00002;33333;00034
00000;00001;00002;33333;00204
00000;00001;00002;33333;00234
00000;00001;00002;33333;01104
00000;00001;00002;33333;01134
00000;00001;00002;33333;01204
00000;00001;00002;33333;01234
00000;00001;00002;33333;33334
00000;00001;00020;00230;01004
00000;00001;00020;01030;00204
00000;00001;00020;01030;00224
00000;00001;00020;01031;00224
00000;00001;00022;00233;01234
00000;00001;00022;01033;01234
00000;00001;00022;01233;01234
00000;00002;00022;01233;01244
00000;00003;00003;33333;44444
00000;00011;00011;01133;01134
00000;00011;00011;01133;01144
00000;00011;00011;01133;01234
00000;00011;00011;01233;01234
00000;00011;00011;01233;01244
00000;00011;00011;01234;01234
00000;00011;00012;01133;01234
00000;00011;00012;01233;01234
00000;00011;00022;01133;02244
00000;00011;00022;01233;01234
00000;00011;00022;01233;01244
00000;00301;04020;01030;00204
00004;00004;00004;00034;44444
00004;00004;00004;00234;44444
00004;00004;00004;01134;44444
00004;00004;00004;01234;44444
00004;00004;00004;33334;44444
00004;00004;00024;00234;44444
00004;00004;00024;01034;44444
00004;00004;00024;01234;44444
00004;00014;00014;01134;44444
00004;00014;00014;01234;44444
00004;00014;00024;01234;44444
00033;00033;00033;33333;33334
00033;00033;00033;33333;44444
00034;00034;00034;33333;44434
00034;00034;00034;33333;44444
00200;00200;22022;00230;00204
00200;00200;22022;00230;01204
00200;00200;22022;00233;00234
00200;00200;22022;00233;00244
00200;00200;22022;00233;01234
00200;00200;22022;01233;01234
00200;00200;22022;01233;01244
00200;00200;22022;01234;01234
00200;00201;22022;00230;01204
00200;00201;22022;00233;01234
00200;00201;22022;01230;00204
00200;00201;22022;01231;00204
00200;00201;22022;01233;01234
00200;00211;22022;01233;01234
00200;00211;22022;01233;01244
00204;00204;22024;00234;44444
00204;00204;22024;01234;44444
00204;00214;22024;01234;44444
00233;00233;22033;33333;33334
00233;00233;22033;33333;44444
00234;00234;22034;33333;44434
00234;00234;22034;33333;44444
00234;00234;22034;33434;44334
01100;10011;10011;01130;01104
01100;10011;10011;01130;01204
01100;10011;10011;01133;01134
01100;10011;10011;01133;01144
01100;10011;10011;01133;01234
01100;10011;10011;01233;01234
01100;10011;10011;01233;01244
01100;10011;10011;01234;01234
01100;10011;10012;01130;01204
01100;10011;10012;01133;01234
01100;10011;10012;01230;01104
01100;10011;10012;01233;01234
01100;10011;10022;01233;01234
01100;10011;10022;01233;01244
01104;10014;10014;01134;44444
01104;10014;10014;01234;44444
01104;10014;10024;01234;44444
01133;10033;10033;33333;33334
01133;10033;10033;33333;44444
01134;10034;10034;33333;44434
01134;10034;10034;33333;44444
01134;10034;10034;34434;43334
00034;00034;00034;33340;44403
00000;00000;00100;00010;00001
00000;00000;00100;00010;00011
00000;00000;00100;00010;00111
00000;00000;00100;00011;00011
00000;00000;00100;00011;00101
00000;00000;00100;00011;00111
00000;00000;00100;00110;00111
00000;00000;00100;00111;00111
00000;00000;00101;00011;00111
00000;00000;00101;00110;00011
00000;00000;00101;00110;00111
00000;00000;00101;00111;00111
00000;00000;00111;00111;00111
01224;10442;24110;24110;42001
00000;00000;00100;00010;00004
00000;00000;00100;00010;44444
00000;00000;00100;00110;00004
00000;00000;00100;00110;44444
00000;00000;00110;00110;00004
00000;00000;00110;00110;44444
00000;00001;00102;00013;01234
00000;00001;00102;00113;01234
00000;00001;00112;00112;01224
00000;00001;00112;00112;01234
00000;00001;00112;00113;01234
00004;00004;00104;00014;44444
00004;00004;00104;00114;44444
00004;00004;00114;00114;44444
01230;10321;23102;32013;01234
01234;10324;23104;32014;44444
00000;00000;00100;00033;00033
00000;00000;00100;00033;00133
00000;00000;00100;00034;00043
00000;00000;00100;33333;33333
00000;00000;00101;00033;00133
00000;00000;00101;33333;33333
00000;00011;00122;01233;01233
00000;00011;00122;01234;01243
00033;00033;00133;33333;33333
00033;00033;00133;33333;44433
00034;00034;00134;33333;44433
00034;00034;00134;33334;44443
00000;00000;00100;00030;00004
00000;00000;00100;00030;44444
00000;00000;00100;00033;00034
00000;00000;00100;00033;00044
00000;00000;00100;00034;44444
00000;00000;00100;33333;33334
00000;00000;00100;33333;44444
00000;00000;00103;33333;44444
00000;00001;00102;00030;01204
00000;00001;00102;00033;01234
00000;00001;00102;33333;01204
00000;00001;00102;33333;01234
00000;00011;00122;01233;01234
00000;00011;00122;01233;01244
00004;00004;00104;00034;44444
00004;00004;00104;33334;44444
00004;00014;00124;01234;44444
00033;00033;00133;33333;33334
00033;00033;00133;33333;44444
00034;00034;00134;33333;44434
00034;00034;00134;33333;44444
00034;00034;00134;33340;44403
00000;00000;00220;00220;00004
00000;00000;00220;00220;01004
00000;00000;00220;00220;01014
00000;00000;00220;00220;44444
00000;00000;00222;00222;00224
00000;00000;00222;00222;00234
00000;00000;00222;00222;00444
00000;00000;00222;00222;01224
00000;00000;00222;00222;01234
00000;00000;00222;00223;00234
00000;00000;00222;00223;01224
00000;00000;00222;00223;01234
00000;00000;00224;00224;00444
00000;00000;00224;00224;44444
00000;00000;00230;00320;00004
00000;00000;00230;00320;01004
00000;00000;00230;00320;44444
00000;00000;00232;00323;00234
00000;00000;00232;00323;01234
00000;00000;00234;00324;00444
00000;00000;00234;00324;44444
00000;00000;00234;44320;44444
00000;00000;01220;01220;00004
00000;00000;01220;01220;44444
00000;00000;01222;01222;01224
00000;00000;01222;01222;01234
00000;00000;01222;01222;01444
00000;00000;01222;01223;01224
00000;00000;01222;01223;01234
00000;00000;01224;01224;00444
00000;00000;01224;01224;01224
00000;00000;01224;01224;01444
00000;00000;01224;01224;44444
00000;00000;01230;01320;00004
00000;00000;01230;01320;44444
00000;00000;01232;01323;01234
00000;00000;01234;01324;00444
00000;00000;01234;01324;01444
00000;00000;01234;01324;44444
00000;00000;22222;22220;44444
00000;00000;22222;22222;00004
00000;00000;22222;22222;00224
00000;00000;22222;22222;00234
00000;00000;22222;22222;01004
00000;00000;22222;22222;01014
00000;00000;22222;22222;01234
00000;00000;22222;22222;44444
00000;00000;22222;22223;00004
00000;00000;22222;22223;00224
00000;00000;22222;22223;00234
00000;00000;22222;22223;01004
00000;00000;22222;22223;01224
00000;00000;22222;22223;01234
00000;00000;22222;22223;22224
00000;00000;22222;22223;22234
00000;00000;22222;44222;44444
00000;00000;44224;44224;44444
00000;00000;44234;44324;44444
00000;00001;00220;00220;01004
00000;00001;00220;00221;01014
00000;00001;00222;00222;01224
00000;00001;00222;00222;01234
00000;00001;00222;00223;01234
00000;00001;00230;00320;01004
00000;00001;00232;00323;01234
00000;00001;01220;01220;00004
00000;00001;01221;01221;00004
00000;00001;01222;01222;01224
00000;00001;01222;01222;01234
00000;00001;01222;01223;01224
00000;00001;01222;01223;01234
00000;00001;01230;01320;00004
00000;00001;01231;01321;00004
00000;00001;01232;01323;01234
00000;00001;22222;22223;00004
00000;00001;22222;22223;00224
00000;00001;22222;22223;00234
00000;00001;22222;22223;01004
00000;00001;22222;22223;01014
00000;00001;22222;22223;01234
00000;00002;22222;22220;44444
00000;00110;00220;00220;44444
00000;00110;00224;00224;44444
00000;00110;00230;00320;44444
00000;00110;00234;00324;44444
00000;00110;00234;44320;44444
00000;00110;01220;01220;00004
00000;00110;01220;01220;44444
00000;00110;01224;01224;00444
00000;00110;01224;01224;01444
00000;00110;01224;01224;44444
00000;00110;01230;01320;00004
00000;00110;01230;01320;44444
00000;00110;01234;01324;00444
00000;00110;01234;01324;01444
00000;00110;01234;01324;44444
00000;00110;44224;44224;44444
00000;00110;44234;44324;44444
00000;00111;01222;01222;01224
00000;00111;01222;01222;01234
00000;00111;01222;01222;01444
00000;00111;01222;01223;01234
00000;00111;01224;01224;01444
00000;00111;01232;01323;01234
00000;00111;01234;01324;01444
00004;00004;00224;00224;44444
00004;00004;00234;00324;44444
00004;00004;01224;01224;44444
00004;00004;01234;01324;44444
00004;00004;22224;22224;44444
00004;00114;01224;01224;44444
00004;00114;01234;01324;44444
00230;00230;22232;33323;00234
00230;00230;22232;33323;01234
00230;00230;22232;33323;44234
00230;00231;22232;33323;01234
00232;00232;22232;33323;22234
00234;00234;22232;33323;44234
00234;00234;22234;33324;44444
00444;00444;44224;44224;44444
00444;00444;44234;44324;44444
01000;10111;01230;01320;01004
01000;10111;01232;01323;01234
01000;10111;01234;01324;01444
01004;10114;01234;01324;44444
01010;10101;01230;10321;01014
01010;10101;01232;10323;01234
01010;10101;23232;32323;01014
01010;10101;23232;32323;01234
01014;10104;01234;10324;44444
01014;10104;23234;32324;44444
01444;10444;44234;44324;44444
00000;00000;00200;00030;00004
00000;00000;00200;00030;01004
00000;00000;00200;00030;44444
00000;00000;00200;00033;00034
00000;00000;00200;00033;00044
00000;00000;00200;00033;01034
00000;00000;00200;00034;44444
00000;00000;00200;01030;44444
00000;00000;00200;01033;01034
00000;00000;00200;01033;01044
00000;00000;00200;01034;01034
00000;00000;00200;01034;44444
00000;00000;00200;33333;33334
00000;00000;00200;33333;44444
00000;00000;00202;00033;00234
00000;00000;00202;00033;01234
00000;00000;00202;01030;00204
00000;00000;00202;01030;00404
00000;00000;00202;01033;01234
00000;00000;00202;33333;00204
00000;00000;00202;33333;00234
00000;00000;00202;33333;00404
00000;00000;00202;33333;01204
00000;00000;00202;33333;01234
00000;00000;00202;33333;33434
00000;00000;00204;01030;00204
00000;00000;00204;01030;44444
00000;00000;00204;33333;00204
00000;00000;00204;33333;44444
00000;00000;00222;00232;00224
00000;00000;00222;00232;00444
00000;00000;00222;00232;01224
00000;00000;00222;00233;00234
00000;00000;00222;00233;00244
00000;00000;00222;00233;01234
00000;00000;00222;00234;00444
00000;00000;00222;00333;00444
00000;00000;00222;00333;01224
00000;00000;00222;00333;01234
00000;00000;00222;01233;01234
00000;00000;00222;01233;01244
00000;00000;00222;01234;01234
00000;00000;00224;00234;44444
00000;00000;00224;00334;44444
00000;00000;00224;01234;00224
00000;00000;00224;01234;00244
00000;00000;00224;01234;44444
00000;00000;00233;33333;33334
00000;00000;00233;33333;44444
00000;00000;00234;00234;44444
00000;00000;00234;33333;33434
00000;00000;00234;33333;44444
00000;00000;01200;33333;33334
00000;00000;01200;33333;44444
00000;00000;01202;33333;01204
00000;00000;01202;33333;01234
00000;00000;01202;33333;01404
00000;00000;01204;33333;01204
00000;00000;01204;33333;44444
00000;00000;01222;01232;01224
00000;00000;01222;01232;01444
00000;00000;01222;01233;01234
00000;00000;01222;01233;01244
00000;00000;01222;01234;01234
00000;00000;01222;01234;01444
00000;00000;01222;01333;01444
00000;00000;01224;01234;01224
00000;00000;01224;01234;01244
00000;00000;01224;01234;44444
00000;00000;01224;01334;44444
00000;00000;01233;33333;33334
00000;00000;01233;33333;44444
00000;00000;01234;01234;01234
00000;00000;01234;01234;44444
00000;00000;01234;33333;33434
00000;00000;01234;33333;44444
00000;00000;22222;22232;22224
00000;00000;22222;22232;44444
00000;00000;22222;22233;22234
00000;00000;22222;22233;22244
00000;00000;22222;22234;22234
00000;00000;22222;22234;44444
00000;00000;22222;33333;44444
00000;00001;00200;00030;01004
00000;00001;00200;00033;01034
00000;00001;00200;01030;00004
00000;00001;00200;01031;00004
00000;00001;00200;01033;01034
00000;00001;00200;33333;00004
00000;00001;00200;33333;00034
00000;00001;00200;33333;01004
00000;00001;00200;33333;01034
00000;00001;00200;33333;33334
00000;00001;00202;00033;01234
00000;00001;00202;01030;00204
00000;00001;00202;01031;00204
00000;00001;00202;01033;01234
00000;00001;00202;33333;00204
00000;00001;00202;33333;00234
00000;00001;00202;33333;01204
00000;00001;00202;33333;01234
00000;00001;00220;00230;01004
00000;00001;00220;00330;01004
00000;00001;00222;00232;01224
00000;00001;00222;00233;01234
00000;00001;00222;00333;01224
00000;00001;00222;00333;01234
00000;00001;00222;01232;00224
00000;00001;00222;01233;01234
00000;00001;00230;33333;00004
00000;00001;00230;33333;01004
00000;00001;00232;33333;00234
00000;00001;00232;33333;01234
00000;00001;00233;33333;33334
00000;00001;01200;33333;00004
00000;00001;01200;33333;00034
00000;00001;01200;33333;33334
00000;00001;01201;33333;00004
00000;00001;01201;33333;00034
00000;00001;01201;33333;33334
00000;00001;01202;33333;01204
00000;00001;01202;33333;01234
00000;00001;01220;01230;00004
00000;00001;01220;01330;00004
00000;00001;01221;01231;00004
00000;00001;01221;01331;00004
00000;00001;01222;01232;01224
00000;00001;01222;01233;01234
00000;00001;01222;01333;01224
00000;00001;01222;01333;01234
00000;00001;01230;01230;00004
00000;00001;01230;01231;00004
00000;00001;01230;33333;00004
00000;00001;01231;01231;00004
00000;00001;01231;33333;00004
00000;00001;01232;01232;01234
00000;00001;01232;01233;01234
00000;00001;01232;33333;01234
00000;00001;01233;33333;33334
00000;00001;22222;22232;00004
00000;00001;22222;22232;00224
00000;00001;22222;22232;01004
00000;00001;22222;22232;01224
00000;00001;22222;22232;22224
00000;00001;22222;22233;00234
00000;00001;22222;22233;01234
00000;00001;22222;22233;22234
00000;00001;22222;33333;00004
00000;00001;22222;33333;00034
00000;00001;22222;33333;00224
00000;00001;22222;33333;00234
00000;00001;22222;33333;01004
00000;00001;22222;33333;01034
00000;00001;22222;33333;01224
00000;00001;22222;33333;01234
00000;00001;22222;33333;22224
00000;00001;22222;33333;22234
00000;00002;22222;00030;44444
00000;00002;22222;01230;44444
00000;00002;22222;01232;44444
00000;00002;22222;22232;44444
00000;00002;22222;33333;44444
00000;00011;00200;01033;01034
00000;00011;00200;01033;01044
00000;00011;00202;01033;01234
00000;00011;00222;01233;01234
00000;00011;00222;01233;01244
00000;00011;01202;00033;01234
00000;00011;01212;00033;01234
00000;00011;01222;01233;01234
00000;00011;01222;01233;01244
00000;00011;01222;01234;01234
00000;00011;22222;00033;00034
00000;00011;22222;00033;00044
00000;00011;22222;00033;00234
00000;00011;22222;00033;01034
00000;00011;22222;00033;01234
00000;00011;22222;00033;22244
00000;00011;22222;00034;00034
00000;00011;22222;00233;00234
00000;00011;22222;00233;00244
00000;00011;22222;00233;01234
00000;00011;22222;00234;00234
00000;00011;22222;00234;22244
00000;00011;22222;01033;01034
00000;00011;22222;01033;01044
00000;00011;22222;01033;01234
00000;00011;22222;01034;01034
00000;00011;22222;01233;01234
00000;00011;22222;01233;01244
00000;00011;22222;01234;01234
00000;00011;22222;01234;22244
00000;00011;22222;22233;22234
00000;00011;22222;22233;22244
00000;00011;22222;22234;22234
00000;00012;01212;00034;03434
00000;00012;22222;00034;44444
00000;00012;22222;01234;44444
00000;00012;22222;22234;44444
00000;00022;22222;33333;33334
00000;00022;22222;33333;44444
00000;00111;01222;01232;01224
00000;00111;01222;01232;01444
00000;00111;01222;01233;01234
00000;00111;01222;01233;01244
00000;00111;01222;01234;01444
00000;00111;01222;01333;01444
00004;00004;00204;00034;44444
00004;00004;00204;01034;44444
00004;00004;00204;33334;44444
00004;00004;00224;00234;44444
00004;00004;00224;00334;44444
00004;00004;00224;01234;44444
00004;00004;00234;33334;44444
00004;00004;01204;33334;44444
00004;00004;01224;01234;44444
00004;00004;01224;01334;44444
00004;00004;01234;01234;44444
00004;00004;01234;33334;44444
00004;00004;22224;22234;44444
00004;00004;22224;33334;44444
00004;00014;00204;01034;44444
00004;00014;00224;01234;44444
00004;00014;01204;00034;44444
00004;00014;01214;00034;44444
00004;00014;01224;01234;44444
00004;00014;22224;00034;44444
00004;00014;22224;00234;44444
00004;00014;22224;01034;44444
00004;00014;22224;01234;44444
00004;00014;22224;22234;44444
00004;00024;22224;33334;44444
00004;00114;01224;01234;44444
00004;00114;01224;01334;44444
00033;00033;00233;33333;33334
00033;00033;00233;33333;44444
00033;00033;00234;33333;33434
00033;00033;00234;33333;44444
00033;00033;01233;33333;33334
00033;00033;01233;33333;44444
00033;00033;01234;33333;33434
00033;00033;01234;33333;44444
00033;00033;22233;33333;33334
00033;00033;22233;33333;44444
00033;00033;22244;00033;22244
00033;00033;22244;33333;44444
00033;00133;00233;33333;44444
00033;00133;00234;33333;44444
00033;00133;01233;33333;33334
00033;00133;01233;33333;44444
00033;00133;01234;33333;33434
00033;00133;01234;33333;44444
00034;00034;00234;33333;44434
00034;00034;00234;33333;44444
00034;00034;01234;33333;44434
00034;00034;01234;33333;44444
00034;00034;01234;33334;44434
00034;00034;22234;33333;44434
00034;00034;22234;33333;44444
00034;00034;22234;33334;33334
00034;00034;22234;33334;44434
00034;00134;01234;33333;44434
00034;00134;01234;33333;44444
00222;00222;22222;22232;22224
00222;00222;22222;22232;44444
00222;00222;22222;22233;22234
00222;00222;22222;22233;22244
00222;00222;22222;22234;44444
00222;00222;22222;33333;33334
00222;00222;22222;33333;44444
00222;00223;22222;33333;44444
00224;00224;22222;22232;44224
00224;00224;22222;22232;44444
00224;00224;22222;33333;44224
00224;00224;22222;33333;44444
00224;00224;22224;22234;44444
00224;00224;22224;33334;44444
00234;00234;22222;33232;44224
00234;00234;22222;33232;44444
00234;00234;22222;33233;44234
00234;00234;22222;33233;44244
00234;00234;22222;33234;44444
00234;00234;22222;33333;44444
01000;10111;01200;01030;01004
01000;10111;01200;01033;01034
01000;10111;01200;01033;01044
01000;10111;01202;01033;01234
01000;10111;01222;01232;01224
01000;10111;01222;01232;01444
01000;10111;01222;01233;01234
01000;10111;01222;01233;01244
01000;10111;01222;01234;01444
01000;10111;01222;01333;01444
01004;10114;01204;01034;44444
01004;10114;01224;01234;44444
01004;10114;01224;01334;44444
01033;10133;01233;33333;33334
01033;10133;01233;33333;44444
01033;10133;01234;33333;33434
01033;10133;01234;33333;44444
01034;10134;01234;33333;44434
01034;10134;01234;33333;44444
01034;10134;01234;34334;43434
01222;10222;22222;22232;22224
01222;10222;22222;22232;44444
01222;10222;22222;22233;22234
01222;10222;22222;22233;22244
01222;10222;22222;22234;44444
01222;10222;22222;33333;33334
01222;10222;22222;33333;44444
01224;10224;22222;22232;44224
01224;10224;22222;22232;44444
01224;10224;22222;33333;44224
01224;10224;22222;33333;44444
01224;10224;22224;22234;44444
01224;10224;22224;33334;44444
01224;10224;24224;24234;42224
01224;10442;22222;33333;44444
01234;10234;22222;33232;44224
01234;10234;22222;33232;44444
01234;10234;22222;33233;44234
01234;10234;22222;33233;44244
01234;10234;22222;33234;44444
01234;10234;22222;33333;44444
01234;10234;22222;34234;43234
01234;10234;22234;34234;43234
00000;00000;00234;00342;00423
00000;00000;01234;01342;01423
00000;00111;01234;01342;01423
00034;00034;00234;33340;44403
00034;00034;01234;33340;44403
00034;00134;01234;33340;44403
00234;00234;22222;33240;44203
00234;00234;22234;33342;44423
01000;10111;01234;01342;01423
01234;10234;22234;33342;44423
00233;00233;22300;33022;33022
00000;01000;00200;00030;00004
00000;01000;00200;00030;44444
00000;01000;00200;00033;00034
00000;01000;00200;00033;00044
00000;01000;00200;00034;44444
00000;01000;00200;33333;33334
00000;01000;00200;33333;44444
00000;01000;00202;00033;00234
00000;01000;00202;33333;00204
00000;01000;00202;33333;00234
00000;01000;00202;33333;00404
00000;01000;00202;33333;33434
00000;01000;00204;33333;00204
00000;01000;00204;33333;44444
00000;01000;00222;00232;00224
00000;01000;00222;00232;00444
00000;01000;00222;00233;00234
00000;01000;00222;00233;00244
00000;01000;00222;00234;00444
00000;01000;00222;00333;00444
00000;01000;00224;00234;44444
00000;01000;00224;00334;44444
00000;01000;00233;33333;33334
00000;01000;00233;33333;44444
00000;01000;00234;00234;44444
00000;01000;00234;33333;33434
00000;01000;00234;33333;44444
00000;01000;22222;22232;44444
00000;01000;22222;22233;22234
00000;01000;22222;22233;22244
00000;01000;22222;22234;22234
00000;01000;22222;22234;44444
00000;01000;22222;33333;44444
00000;01001;00202;00033;01234
00000;01001;00202;33333;01204
00000;01001;00202;33333;01234
00000;01001;00220;00230;01004
00000;01001;00220;00230;04004
00000;01001;00220;00330;04004
00000;01001;00222;00232;01224
00000;01001;00222;00233;01234
00000;01001;00222;00333;01224
00000;01001;00222;00333;01234
00000;01001;00230;00230;04004
00000;01001;00230;33333;01004
00000;01001;00230;33333;04004
00000;01001;00232;33333;01234
00000;01001;00233;33333;34334
00000;01001;22222;22233;01234
00000;01001;22222;33333;01004
00000;01001;22222;33333;01034
00000;01001;22222;33333;01224
00000;01001;22222;33333;01234
00000;01001;22222;33333;04004
00000;01001;22222;33333;24224
00000;01004;00230;00230;44444
00000;01004;00230;33333;44444
00000;01004;22222;33333;01004
00000;01004;22222;33333;44444
00000;01011;00222;01233;01234
00000;01011;00222;01233;01244
00000;01011;22222;01031;01014
00000;01011;22222;01031;01214
00000;01011;22222;01031;04044
00000;01011;22222;01031;24244
00000;01011;22222;01033;01034
00000;01011;22222;01033;01044
00000;01011;22222;01033;01234
00000;01011;22222;01034;01034
00000;01011;22222;01034;04044
00000;01011;22222;01231;04044
00000;01011;22222;01233;01234
00000;01011;22222;01233;01244
00000;01011;22222;01234;01234
00000;01011;22222;01234;04044
00000;01011;22222;01234;24244
00000;01011;22222;03033;04044
00000;01011;22222;03033;24244
00000;01014;22222;01034;01014
00000;01014;22222;01034;01044
00000;01014;22222;01034;44444
00000;01014;22222;01234;01014
00000;01014;22222;01234;01044
00000;01014;22222;01234;44444
00000;01014;22222;03034;44444
00000;01014;22222;23234;44444
00000;01033;22222;33333;44444
00000;01034;22222;01034;01034
00000;01034;22222;01034;44444
00000;01034;22222;01434;44444
00000;01034;22222;33333;44444
00000;01111;01211;01131;01114
00000;01111;01211;01131;04444
00000;01111;01211;01133;01134
00000;01111;01211;01133;01144
00000;01111;01211;01134;04444
00000;01111;01211;03333;03334
00000;01111;01211;03333;04444
00000;01111;01212;01133;01234
00000;01111;01212;03333;01214
00000;01111;01212;03333;01234
00000;01111;01212;03333;01414
00000;01111;01212;03333;03434
00000;01111;01214;03333;01214
00000;01111;01214;03333;04444
00000;01111;01222;01232;01224
00000;01111;01222;01232;01444
00000;01111;01222;01233;01234
00000;01111;01222;01233;01244
00000;01111;01222;01234;01444
00000;01111;01222;01333;01444
00000;01111;01224;01234;04444
00000;01111;01224;01334;04444
00000;01111;01234;01234;04444
00000;01111;01234;03333;04444
00000;01111;02222;03333;04444
00000;01114;01214;01134;44444
00000;01114;01214;03334;44444
00000;01114;01224;01234;44444
00000;01114;01224;01334;44444
00000;01114;01234;01234;44444
00000;01114;01234;03334;44444
00000;01114;02224;03334;44444
00000;01133;02244;01133;02244
00000;01134;01234;01134;44444
00000;01134;01234;01334;44444
00000;01134;01234;33333;44444
00000;01134;02234;33333;44444
00000;01234;01234;01234;44444
00000;01234;01234;33333;44444
00000;01234;22222;33333;44444
00000;11111;22222;33333;44444
00033;01033;22244;00033;22244
00033;01033;22244;03033;24244
00033;01234;22244;03033;24244
00000;01000;00234;00342;00423
00000;01034;22222;03041;04013
00000;01111;01234;01342;01423
00000;01134;01234;03341;04413
00000;01234;22222;03241;04213
00034;01034;00234;33340;44403
00034;01134;01234;33340;44403
00034;01134;02234;33340;44403
00000;01233;02311;03122;03122
00233;01233;22300;33022;33022
00233;01233;22300;33022;34022
00233;01234;22300;33022;34022
01222;12000;20111;20111;20111
01221;12002;20110;20110;12002
01221;12002;20110;20110;12003
01234;12403;24310;30142;43021
