[0, 0, 0, 0, 0, 0, 0, 0, 0, 0] : 23,27,29,30,32,33,34,35,37,39,40,41,43,44,46,48,50,52,53,54,55,56,61,62,64,67,72,77,79,80,81,83,85,88,91,93,96,97,98,99,100,101,102,103,104,105,106,108,109,110,117,118,119,120,122,123,124,125,126,128,129,135,136,138,139,140,141,142,143,144,146,147,148,149,150,151,152,155,156,158,160,161,167,168,169,170,171,172,173,174,175,177,178,179,180,181,189,191,192,193,194,196,201,202,206,207,208,209,210,211,212,213,215,216,223,238,242,243,245,246,247,248,251,252,253,255,256,257,259,263,264,269,271,272,273,275,278,279,281,282,290,293,294,295,297,304,306,309,310,311,312,315,318,321,336,339,340,346,347,355,356,357,360,362,363,364,366,367,368,369,370,371,372,374,375,376,377,381,384,385,386,387,388,389,390,393,394,395,396,399,400,403,404,408,416,418,419,420,421,427,428,430,435,437,447,450,451,452,453,458,459,462,463,464,465,466,467,470,471,472,473,474,475,477,479,481,483,484,487,490,492,495,496,497,499,500,501,502,503,504,507,512,517,519,522,524,528,529,532,533,537,541,542,543,545,546,547,551,554,557,559,560,562,563,564,565,578,597,599,600,602
[0, 0, C2, 0, C2, 0, C2, 0, C2, 0] : 317
[0, 0, Z x Z, 0, 0, 0, 0, 0, 0, 0] : 25,222,227,296
[0, 0, Z, 0, 0, 0, 0, 0, 0, 0] : 42,49,107,176,182,190,299,322,358,365,391,417,438,460,461,494
[0, 0, Z, 0, Z, 0, Z, 0, Z, 0] : 51,185,232,241,244,298,397
[0, 0, Z, C2, 0, C2, 0, C2, 0, C2] : 300
[0, 0, Z, Z, Z, Z, Z, Z, Z, Z] : 45,145,153,183,220,225,254,261,280,283,301,303,378,379
[0, C2, 0, C2, 0, C2, 0, C2, 0, C2] : 13,15,22,26,28,36
[0, Z, 0, 0, 0, 0, 0, 0, 0, 0] : 0,1,3,5,6,7,8,9,10,14,16,17,18,19,47,57,58,60,63,65,66,69,71,73,82,84,87,89,90,92,95,111,112,131,159,163,164,166,188,198,204,217,218,219,226,228,230,231,233,236,237,240,267,268,270,277,289,316,319,320,323,324,325,326,341,350,352,353,354,361,373,382,383,392,398,401,402,406,411,412,414,423,429,431,433,439,440,442,445,446,448,449,455,457,468,469,476,478,480,485,486,493,506,508,509,510,511,513,514,515,520,523,525,526,527,530,531,534,535,536,538,544,548,549,550,552,553,555,558,561,567,568,569,571,572,573,574,575,576,577,579,580,581,582,583,584,585,586,587,588,589,590,592,593,594,596,598,601,603,605
[0, Z, 0, Z, 0, Z, 0, Z, 0, Z] : 68,113,200,407,413,424,434,498,516
[0, Z, C2, 0, C2, 0, C2, 0, C2, 0] : 2,11,12,20,21,24,31,38,59,70,86,94
[0, Z, C3, 0, C3, 0, C3, 0, C3, 0] : 4
[0, Z, Z x C2, Z x C2 x C2, Z x C2^5, Z x C2^10, Z x C2^21, Z x C2^42, Z x C2^85, Z x C2^170] : 76
[0, Z, Z x Z x Z, Z^9, Z^27, Z^81, Z^243, Z^729, Z^2187, Z^6561] : 132,197,205,214
[0, Z, Z x Z, Z x Z x Z x Z, Z^8, Z^16, Z^32, Z^64, Z^128, Z^256] : 116,121,130,154,184,199,249,258,286,291,305,313,335,345,348,415,444,540
[0, Z, Z x Z, Z x Z x Z, Z x Z x Z x Z, Z^5, Z^6, Z^7, Z^8, Z^9] : 133,262,276,284,285,331,332,333,334
[0, Z, Z, Z, Z, Z, Z, Z, Z, Z] : 74,75,78,114,115,127,134,137,157,162,165,186,187,195,203,221,224,229,234,235,239,250,260,265,266,274,287,288,292,302,307,308,314,327,328,329,330,337,338,342,343,344,349,351,359,380,405,409,410,422,425,426,432,436,441,443,454,456,482,488,489,491,505,518,521,539,556,566,570,591,595,604
