0000000000000000000000000000000000000000000000000000000000000000000000000000000000000000000000000000000000000000000000000000000000000000000000000000000000000000000000000000000000
1111111111111111111111111111111111111111111111111111111111111111111111111111111111111111111111111111111111111111111111111111111111111111111111111111111111111111111111111111111111
2222222222222222222222222222222222222222222222222222222222222222222222222222222222222222222222222222222222222222222222222222222222222222222222222222222222222222222222222222222222
0000000000000000000000000000000000000000000000000000000000000000000000000000000000000000000000000000000000000000000000000000000000000000000000000000000000000000000000000000000000
1111111111111111111111111111111111111111111111111111111111111111111111111111111111111111111111111111111111111111111111111111111111111111111111111111111111111111111111111111111111
2222222222222222222222222222222222222222222222222222222222222222222222222222222222222222222222222222222222222222222222222222222222222222222222222222222222222222222222222222222222
0000000000002222022222222222222222222222222222222222222222222222222222222222222222222222222222222222222222222222222222222222222222222222222222222222222222222222222222222222222222
0000000000000001012020012021020020000002101012000012020202222221020022222222221122222222222200010122010110220222222100020202212212111112222222222222211111122222222111111111111111
0000000000000000000000000000000000000000000000000000000000000000000000000000000000000000000000000000000000000000000000000000000000000000000000000000000000000000000000000000000000
1111111111111111111111111111111111111111111111111111111111111111111111111111111111111111111111111111111111111111111111111111111111111111111111111111111111111111111111111111111111
2222222222222222222222222222222222222222222222222222222222222222222222222222222222222222222222222222222222222222222222222222222222222222222222222222222222222222222222222222222222
0000000000000000000000000000000000000000000000000000000000000000000000000000000000000000000000000000000000000000000000000000000000000000000000000000000000000000000000000000000000
1111111111111111111111111111111111111111111111111111111111111111111111111111111111111111111111111111111111111111111111111111111111111111111111111111111111111111111111111111111111
2222222222222222222222222222222222222222222222222222222222222222222222222222222222222222222222222222222222222222222222222222222222222222222222222222222222222222222222222222222222
1111111111111111111211211112212112222211212121111122222212222122112211111111112222222222222222212122212112222222222222222222222222222222222222222222222222222222222222222222222222
1111111111111111110101111111111111111111121211122210101010000101111111111111111112222211211111121221121221221211111111121212212212111112222222121211211111111212111111111111111111
0000000000000000000000000000000000000000000000000000000000000000000000000000000000000000000000000000000000000000000000000000000000000000000000000000000000000000000000000000000000
1111111111111111111111111111111111111111111111111111111111111111111111111111111111111111111111111111111111111111111111111111111111111111111111111111111111111111111111111111111111
2222222222222222222222222222222222222222222222222222222222222222222222222222222222222222222222222222222222222222222222222222222222222222222222222222222222222222222222222222222222
0000000000000000000000000000000000000000000000000000000000000000000000000000000000000000000000000000000000000000000000000000000000000000000000000000000000000000000000000000000000
1111111111111111111111111111111111111111111111111111111111111111111111111111111111111111111111111111111111111111111111111111111111111111111111111111111111111111111111111111111111
2222222222222222222222222222222222222222222222222222222222222222222222222222222222222222222222222222222222222222222222222222222222222222222222222222222222222222222222222222222222
2222222222220002222221221111222222222222121222222222222222222222222222222222222222222222222222212122222222222222222222222222222222222222222222222222222222222222222222222222222222
2222222222222222222122121212111011111101202002222202222222222220222222222222220012222211211222222222222222222222222122222222212212111112222222222222212112122222222222222222222222
3333333333333333333333333333333333333333333333333333333333333333333333333333333333333333333333333333333333333333333333333333333333333333333333333333333333333333333333333333333333
4444444444444444444444444444444444444444444444444444444444444444444444444444444444444444444444444444444444444444444444444444444444444444444444444444444444444444444444444444444444
5555555555555555555555555555555555555555555555555555555555555555555555555555555555555555555555555555555555555555555555555555555555555555555555555555555555555555555555555555555555
3333333333333333333333333333333333333333333333333333333333333333333333333333333333333333333333333333333333333333333333333333333333333333333333333333333333333333333333333333333333
4444444444444444444444444444444444444444444444444444444444444444444444444444444444444444444444444444444444444444444444444444444444444444444444444444444444444444444444444444444444
5555555555555555555555555555555555555555555555555555555555555555555555555555555555555555555555555555555555555555555555555555555555555555555555555555555555555555555555555555555555
3333333333335555355555555555555555555555555555555555555555555555555555555555555555555555555555555555555555555555555555555555555555555555555555555555555555555555555555555555555555
3333333333333334345353345354353353333335434345333345353535555554353355555555554455555555555533343455343443553555555433353535545545444445555555555555544444455555555444444444444444
3333333333333333333333333333333333333333333333333333333333333333333333333333333333333333333333333333333333333333333333333333333333333333333333333333333333333333333333333333333333
4444444444444444444444444444444444444444444444444444444444444444444444444444444444444444444444444444444444444444444444444444444444444444444444444444444444444444444444444444444444
5555555555555555555555555555555555555555555555555555555555555555555555555555555555555555555555555555555555555555555555555555555555555555555555555555555555555555555555555555555555
3333333333333333333333333333333333333333333333333333333333333333333333333333333333333333333333333333333333333333333333333333333333333333333333333333333333333333333333333333333333
4444444444444444444444444444444444444444444444444444444444444444444444444444444444444444444444444444444444444444444444444444444444444444444444444444444444444444444444444444444444
5555555555555555555555555555555555555555555555555555555555555555555555555555555555555555555555555555555555555555555555555555555555555555555555555555555555555555555555555555555555
4444444444444444444544544445545445555544545454444455555545555455445544444444445555555555555555545455545445555555555555555555555555555555555555555555555555555555555555555555555555
4444444444444444443434444444444444444444454544455543434343333434444444444444444445555544544444454554454554554544444444454545545545444445555555454544544444444545444444444444444444
3333333333333333333333333333333333333333333333333333333333333333333333333333333333333333333333333333333333333333333333333333333333333333333333333333333333333333333333333333333333
4444444444444444444444444444444444444444444444444444444444444444444444444444444444444444444444444444444444444444444444444444444444444444444444444444444444444444444444444444444444
5555555555555555555555555555555555555555555555555555555555555555555555555555555555555555555555555555555555555555555555555555555555555555555555555555555555555555555555555555555555
3333333333333333333333333333333333333333333333333333333333333333333333333333333333333333333333333333333333333333333333333333333333333333333333333333333333333333333333333333333333
4444444444444444444444444444444444444444444444444444444444444444444444444444444444444444444444444444444444444444444444444444444444444444444444444444444444444444444444444444444444
5555555555555555555555555555555555555555555555555555555555555555555555555555555555555555555555555555555555555555555555555555555555555555555555555555555555555555555555555555555555
5555555555553335555554554444555555555555454555555555555555555555555555555555555555555555555555545455555555555555555555555555555555555555555555555555555555555555555555555555555555
5555555555555555555455454545444344444434535335555535555555555553555555555555553345555544544555555555555555555555555455555555545545444445555555555555545445455555555555555555555555
0003003333330330330033333330303033333333303300033330000333333033303300333333333300000033333033333330303333333333333033333333333333333333333333333333330330333333333333333333333333
1114114444441441441144444441414144444444414411144441111444444144414411444444444411111144444144444441414444444444444144444444444444444444444444444444441441444444444444444444444444
2225225555552552552255555552525255555555525522255552222555555255525522555555555522222255555255555552525555555555555255555555555555555555555555555555552552555555555555555555555555
3330333333333033333333333333333333333333033333333333333333333333333333033333333333333333033333333333333333333333333333333333333333333333333333333333333333333333333333333333333333
4441444444444144444444444444444444444444144444444444444444444444444444144444444444444444144444444444444444444444444444444444444444444444444444444444444444444444444444444444444444
5552555555555255555555555555555555555555255555555555555555555555555555255555555555555555255555555555555555555555555555555555555555555555555555555555555555555555555555555555555555
6677767667667776666664564447565665566666767666666656666565566665665577766666776666667755766655545456565665555555555666666666656656556666666666656566766666655757556555655655566655
6766776677766666667476464646444744444474676736655535566565555763675567666677673346776744644555556556656556556555555755556565545545444446667777665655545476766667666555556566556666
0000003033300030303330030330030003300333033330000303300003303033300000000333330330000003003303330000030033003300033000300030003303030000033333000003333330300303333000030000330333
1111114144411141414441141441141114411444144441111414411114414144411111111444441441111114114414441111141144114411144111411141114414141111144444111114444441411414444111141111441444
2222225255522252525552252552252225522555255552222525522225525255522222222555552552222225225525552222252255225522255222522252225525252222255555222225555552522525555222252222552555
3333333033333333303333030333333303303333333333303303333033303333330333303333330333333303303333330003333033333303333303303030303333330030333333330333333333303333333033030333333333
4444444144444444414444141444444414414444444444414414444144414444441444414444441444444414414444441114444144444414444414414141414444441141444444441444444444414444444144141444444444
5555555255555555525555252555555525525555555555525525555255525555552555525555552555555525525555552225555255555525555525525252525555552252555555552555555555525555555255252555555555
7666776767766667775556271646576675625567656557625525566265525665672567676767672557676725625565642126576775566525656625526267525557652257675677652655555556625667566256252556656656
7777777777777777775757771747747717777774737347777715767275625764777777777777771447777714714777757227757257777577777777727772715775741777775757777777547747777777777777777777777777
