[0, 0, 0, 0, 0, 0, 0, 0, 0, 0] : 62,63,121,122,186,187,267,268,269,270,320
[0, Z, C2 x C2, 0, C2 x C2, 0, C2 x C2, 0, C2 x C2, 0] : 6,11,12,39,46,55,60,66,73
[0, Z, C2, 0, C2, 0, C2, 0, C2, 0] : 0,1,2,3,4,5,8,9,10,13,14,15,16,17,21,22,23,28,29,30,32,33,34,36,37,38,40,41,42,43,45,47,48,53,54,56,57,58,59,61,64,65,67,68,69,70,72,74,75,80,81,82,83,87,90,91,92,94,95,96,97,98,99,101,102,103,104,105,106,111,112,115,117,120,123,124,126,127,128,131,135,137,139,140,141,142,143,144,145,147,148,157,158,160,161,162,164,167,171,172,174,175,179,180,183,188,189,190,191,195,212,214,216,218,220,224,227,228,231,234,237,238,240,241,242,244,245,246,247,248,249,250,251,252,253,254,255,256,257,258,259,261,262,263,265,266,276,278,279,280,281,282,283,284,288,289,290,291,292,296,300,302,304,305,306,307,318,321,322,325,328,336,342,344,345,347,348,350,351,353,354,355,357,359,361,364,365,367,368,369,371,372,373,378,379,392,393,394,395,402,403,404,405,406,407,408,409,410,411,412,413,414,418,419,432,436,437,438,439,441,442,443,444,448,461,463,464,470,471,472,476,513,515,517,519,521,523,525,526,527,528,529,530,531,532,533,534,535,536,537,538,539,541,542,543,545,550,554,555,556,557,558,559,560,570,588,589,591,592,593,595,596,601
[0, Z, C2, Z, C2, Z, C2, Z, C2, Z] : 24,44,71,84,118,129,165,181,192,229,286,293,319,323,358,362,397,399,428,462,468,502,516,524,590,594
[0, Z, C4, 0, C4, 0, C4, 0, C4, 0] : 18,19,20,177,178,198
[0, Z, C6, 0, C6, 0, C6, 0, C6, 0] : 7
[0, Z, Z x C2 x C2, Z x C2 x C2, Z x C2^6, Z x C2^10, Z x C2^22, Z x C2^42, Z x C2^86, Z x C2^170] : 51,78
[0, Z, Z x C2, Z, Z x C2, Z, Z x C2, Z, Z x C2, Z] : 25,26,31,35,49,50,52,76,77,79,85,86,88,93,100,109,110,114,116,119,125,130,132,133,136,138,146,151,152,154,156,159,163,166,168,169,173,176,182,184,193,194,196,201,202,204,210,211,213,215,217,219,222,223,226,230,232,235,236,239,243,260,264,274,275,277,285,287,294,295,297,298,301,303,310,312,314,315,316,317,324,326,329,330,335,338,340,341,343,346,349,352,356,360,363,366,370,375,377,381,382,383,387,388,389,390,391,396,398,400,401,417,421,422,423,426,427,430,431,433,434,435,440,446,447,454,455,456,457,459,460,467,469,475,477,482,483,488,491,492,493,494,495,497,501,505,512,514,518,520,522,540,544,547,549,551,553,561,562,563,564,569,571,572,573,577,578,579,580,581,582,583,585,587,597,600,603
[0, Z, Z x Z x C2, Z x Z x Z x Z, Z^8 x C2, Z^16, Z^32 x C2, Z^64] : 27,89,108,113,134,150,153,155,170,185,197,200,203,208,209,221,225,233,273,299,309,313,327,332,334,339,374,380,385,386,415,420,425,429,445,450,453,466,480,487,490,496,498,500,504,511,546,552,568,574,576,584,586,599
[0, Z, Z x Z x C2, Z x Z x Z, Z x Z x Z x Z x C2, Z^5, Z^6 x C2, Z^7, Z^8 x C2, Z^9] : 206,272,311,337,376,416,451,452,458,473,474,478,479,481,484,485,486,509,510,548,565,566,567,602
[0, Z, Z x Z x Z x C2, Z^9, Z^27 x C2, Z^81, Z^243 x C2, Z^729] : 107,149,199,205,207,271,308,331,333,384,424,449,465,489,499,503,506,507,508,575,598,604
