[0, 0, 0, 0, 0, 0, 0, 0, 0, 0] : 22,23,25,26,33,43,44,45,46,47,48,49,50,55,56,58,61,66,72,77,93,94,95,96,97,98,99,100,101,102,103,104,105,106,107,108,109,110,111,112,113,116,117,118,119,120,121,122,123,129,130,131,134,135,137,145,146,147,148,149,150,158,161,162,163,178,180,181,182,183,184,185,186,187,188,189,190,191,192,193,194,195,199,202,203,204,205,206,207,208,210,216,217,221,222,223,224,225,226,227,228,229,230,231,232,236,240,244,245,248,249,250,252,253,257,258,259,262,264,265,266,267,270,271,272,273,274,276,279,281,284,287,289,293,294,301,302,303,304,306,307,308,309,311,313,315,317,324,328,331,334,340,341,342,343,344,345,346,348,349,350,351,352,353,354,355,356,357,358,360,361,362,363,364,365,366,368,369,370,371,372,374,375,376,377,378,379,380,382,383,384,385,392,394,396,398,399,400,401,402,403,411,412,413,414,415,419,420,427,428,430,432,433,434,435,436,437,438,439,443,444,448,452,458,459,460,461,465,466,468,469,470,472,473,474,475,476,477,478,479,480,481,485,487,488,489,490,491,493,494,498,503,508,514,521,524,526,527,528,529,549,550,551,560,567,574,577,579,582,599,600,625,626,627,628,630,631,637,638,639,640,641,643,644,656,658,659,660,661,666,667,668,670,672,674,675,676,678,683,693,697,698,699,700,704,705,706,707,711,712,717,718,719,720,721,722,723,724,731,732,740,741,742,751,752,753,754,755,761,763,764,769,771,774,776,779,780,781,782,783,784,785,787,790,793,794,800,801,802,803,808,809,810,813,814,815,818,819,820,821,822,823,824,825,829,834,839,840,843,844,845,846,848,849,850,853,855,858,860,864,867,870,871,872,873,874,875,876,877,890,891,894,895,896,897,898,899,900,901,902,905,906,907,908,909,910,911,912,913,916,917,918,919,923,925,929,930,934,935,946,947,951,952,966,970,974,975,977,978,980,981,982,983,984,985,986,987,988,992,993,1004,1016,1022,1023,1024,1025,1026,1027,1030,1031,1037,1045,1051,1054,1056,1067,1070,1071,1072,1073,1081,1082,1089,1092,1093,1094,1105,1108,1110,1116,1117,1121,1122,1123,1124,1128,1132,1136,1137,1138,1139,1140,1146,1147,1150,1151,1152,1153,1160,1161,1166,1173,1174,1181,1191,1192
[0, 0, C2 x C2, 0, C2 x C2, 0, C2 x C2, 0, C2 x C2, 0] : 416,1028
[0, 0, Z x Z x Z x Z, 0, 0, 0, 0, 0, 0, 0] : 339,388,390,405,962,965,1015,1164,1179
[0, 0, Z x Z, 0, 0, 0, 0, 0, 0, 0] : 91,127,179,246,247,251,254,347,407,429,431,447,467,471,486,583,738,775,847,859,961,964,969,973,1018
[0, 0, Z x Z, 0, Z x Z, 0, Z x Z, 0, Z x Z, 0] : 92,128,211,373,391,393,406,642,673,739,770,795,903,904,924,967,971,1017,1080,1111,1159,1172
[0, 0, Z x Z, C2 x C2, 0, C2 x C2, 0, C2 x C2, 0, C2 x C2] : 408,1019
[0, 0, Z x Z, Z x Z, Z x Z, Z x Z, Z x Z, Z x Z, Z x Z, Z x Z] : 90,126,200,201,359,367,387,389,395,397,404,409,410,418,629,657,737,756,762,892,893,922,960,963,968,972,976,979,1020,1021,1079,1106,1107,1158,1165,1171,1180,1182,1190
[0, C2 x C2, 0, C2 x C2, 0, C2 x C2, 0, C2 x C2, 0, C2 x C2] : 18,19,83,85,86,88,694,695
[0, Z x Z, 0, 0, 0, 0, 0, 0, 0, 0] : 0,1,2,3,4,5,8,9,10,13,14,15,16,17,24,27,28,34,35,36,38,39,40,42,51,52,54,57,59,60,63,65,67,73,74,76,78,79,80,82,139,141,142,144,154,156,160,165,167,169,171,175,196,197,198,209,212,218,233,237,241,255,256,260,263,268,269,275,277,280,282,283,285,288,290,291,292,295,296,298,299,300,305,310,312,314,316,318,319,320,321,322,323,325,326,327,329,332,333,335,337,338,425,446,450,451,454,456,457,463,464,483,484,492,496,500,502,504,506,510,512,513,516,518,519,520,523,530,531,532,533,534,535,536,537,538,539,540,541,542,543,544,546,547,548,553,554,555,557,565,566,569,578,580,581,584,585,586,587,601,632,633,634,636,645,646,647,650,662,663,665,669,671,677,680,682,684,730,734,735,744,746,750,757,758,759,760,765,772,773,777,778,786,788,791,792,796,804,811,816,826,830,835,837,841,842,851,852,854,856,857,861,862,863,865,868,869,944,949,950,954,955,956,958,959,990,991,995,996,997,999,1000,1002,1003,1006,1007,1008,1009,1010,1012,1013,1029,1032,1034,1035,1038,1039,1040,1041,1050,1053,1055,1057,1059,1060,1063,1102,1103,1104,1109,1112,1118,1125,1129,1133,1167,1168,1169,1178,1183,1184,1185,1194
[0, Z x Z, 0, Z x Z, 0, Z x Z, 0, Z x Z, 0, Z x Z] : 29,62,157,213,234,497,501,507,525,648,679,736,767,797,827,945,957,998,1011,1033,1061,1078,1113,1126,1157,1176
[0, Z x Z, C2 x C2, 0, C2 x C2, 0, C2 x C2, 0, C2 x C2, 0] : 6,11,12,20,21,53,64,75,81,84,87,89,664,681,696
[0, Z x Z, C3 x C3, 0, C3 x C3, 0, C3 x C3, 0, C3 x C3, 0] : 7
[0, Z x Z, Z x Z x C2 x C2, Z x Z x C2 x C2 x C2 x C2, Z x Z x C2^10, Z x Z x C2^20, Z x Z x C2^42, Z x Z x C2^84, Z x Z x C2^170, Z x Z x C2^340] : 70,687
[0, Z x Z, Z x Z x Z x Z, Z^6, Z^8, Z^10, Z^12, Z^14, Z^16, Z^18] : 115,417,421,422,563,592,593,594,595,1048,1076,1097,1143,1186,1187,1188,1196,1197,1198,1201,1205,1206,1207,1208
[0, Z x Z, Z x Z x Z x Z, Z^8, Z^16, Z^32, Z^64, Z^128, Z^256, Z^512] : 32,125,132,136,151,172,176,220,239,423,440,445,558,561,571,575,596,605,616,622,624,654,702,709,713,726,727,747,807,833,879,887,889,915,926,931,940,942,1043,1046,1065,1069,1075,1085,1096,1101,1120,1131,1142,1149,1155,1199,1200,1209
[0, Z x Z, Z x Z, Z x Z, Z x Z, Z x Z, Z x Z, Z x Z, Z x Z, Z x Z] : 30,31,37,41,68,69,71,133,138,140,143,152,153,155,159,164,166,168,170,173,174,177,214,215,219,235,238,242,243,261,278,286,297,330,336,424,426,441,442,449,453,455,462,482,495,499,505,509,511,515,517,522,545,552,556,559,562,564,568,570,572,573,576,588,589,590,591,597,598,602,603,604,617,618,619,620,621,623,635,649,651,652,653,655,685,686,688,703,710,714,715,716,728,729,733,743,745,748,749,766,768,789,798,799,805,806,812,817,828,831,832,836,838,866,880,881,882,883,884,885,886,888,921,927,928,932,933,936,937,938,939,941,943,948,953,989,994,1001,1005,1014,1036,1042,1044,1047,1049,1052,1058,1062,1064,1077,1083,1084,1086,1098,1099,1114,1115,1119,1127,1130,1134,1135,1144,1145,1156,1162,1163,1170,1175,1177,1189,1193,1195,1202,1203,1204,1210
[0, Z x Z, Z^6, Z^18, Z^54, Z^162, Z^486, Z^1458, Z^4374, Z^13122] : 114,124,381,386,615,701,708,725,878,914,920,1068,1074,1095,1100,1141,1148,1154,1211,1212,1213,1214
[0, Z, 0, 0, 0, 0, 0, 0, 0, 0] : 606,607,608,609,610,611,612,613,614,689,690,691,692,1066,1087,1088,1090,1091
