[0, 0, 0, 0, 0] : 6,7,8,10,11,12,15,20,23,25,28,30,33,34,36,38,41,47,53,56,60,62,63,72,73,74,77,79,82,83,84,86,88,128,145,150,160,231,240,249,250,273,279,296,305,306,386,391,396,401,406,411,420,429,430,457,462,464,465,469,474,475,500,529,545,555,571,572,637,638,669,733,738,739,771,776,777,802,812,845,866,867,874,875,906,907,939,944,945,979,985,986,993,998,999,1016,1017,1018,1019,1020,1022,1023,1026,1030,1035
[0, 0, Z x Z x Z x Z, 0, 0, 0, 0, 0, 0, 0] : 9,78,1015,1025
[0, 0, Z x Z, 0, 0, 0, 0, 0, 0, 0] : 17,43,45,58,370,375,384,446,451,492,583,618,707,712,718,722,725,731,758,760,763,768,835,893,926,928,931,936,969
[0, C2 x C2 x C2 x C2, 0, C2 x C2 x C2 x C2, 0, C2 x C2 x C2 x C2, 0, C2 x C2 x C2 x C2, 0, C2 x C2 x C2 x C2] : 5
[0, C2 x C2 x C2, 0, C2 x C2 x C2, 0, C2 x C2 x C2, 0, C2 x C2 x C2, 0, C2 x C2 x C2] : 498
[0, C2 x C2, 0, C2 x C2, 0, C2 x C2, 0, C2 x C2, 0, C2 x C2] : 553,810
[0, C2, 0, C2, 0, C2, 0, C2, 0, C2] : 378,454,843,977
[0, Z x C2 x C2, 0, C2 x C2, 0, C2 x C2, 0, C2 x C2, 0, C2 x C2] : 14
[0, Z x C2, 0, C2, 0, C2, 0, C2, 0, C2] : 98,105,511
[0, Z x Z x Z x Z, 0, 0, 0, 0, 0, 0, 0, 0] : 0,1,2,4,75,76,80,85,87,468,471,472,473,1028,1029,1032,1033,1034,1036,1037,1038,1039,1040,1042
[0, Z x Z x Z x Z, C2 x C2 x C2 x C2, 0, C2 x C2 x C2 x C2, 0, C2 x C2 x C2 x C2, 0, C2 x C2 x C2 x C2, 0] : 3
[0, Z x Z x Z x Z, Z x Z x Z x Z, Z x Z x Z x Z, Z x Z x Z x Z, Z x Z x Z x Z, Z x Z x Z x Z, Z x Z x Z x Z, Z x Z x Z x Z, Z x Z x Z x Z] : 81,467,470,1027,1031,1041,1043
[0, Z x Z x Z x Z, Z^8, Z^16, Z^32, Z^64, Z^128, Z^256, Z^512, Z^1024] : 463,466,1021,1024
[0, Z x Z x Z, 0, 0, 0, 0, 0, 0, 0, 0] : 16,18,40,42,44,55,57,61,65,66,70,252,253,262,264,302,304,371,372,376,377,380,383,385,417,419,426,428,447,448,452,453,456,481,484,485,486,488,490,491,494,495,497,582,617,640,641,650,652,708,709,713,714,717,719,723,724,726,727,730,732,757,759,761,762,764,765,769,770,783,786,787,788,790,792,836,837,844,846,848,849,892,894,925,927,929,930,932,933,937,938,951,954,955,956,958,960,970,971,978,980,982,983,1005,1008,1009,1010,1012,1014
[0, Z x Z x Z, C2 x C2 x C2, 0, C2 x C2 x C2, 0, C2 x C2 x C2, 0, C2 x C2 x C2, 0] : 496
[0, Z x Z x Z, C2 x C2, 0, C2 x C2, 0, C2 x C2, 0, C2 x C2, 0] : 13
[0, Z x Z x Z, Z x Z x Z, Z x Z x Z, Z x Z x Z, Z x Z x Z, Z x Z x Z, Z x Z x Z, Z x Z x Z, Z x Z x Z] : 258,297,300,412,415,421,424,476,479,575,646,778,781,850,878,946,949,984,989,1000,1003
[0, Z x Z x Z, Z x Z, Z x Z, Z x Z, Z x Z, Z x Z, Z x Z, Z x Z, Z x Z] : 37,46,52,394,395,399,400,404,405,409,410,460,461,576,577,578,774,775,879,880,881,942,943,990,991,992,996,997
[0, Z x Z x Z, Z, 0, 0, 0, 0, 0, 0, 0] : 257,301,416,425,480,493,645,782,847,950,981,1004
[0, Z x Z x Z, Z^5, Z^10, Z^20] : 373,374,381,382,392,393,397,398,402,403,407,408,449,450,458,459,567,568,573,574,710,711,715,716,720,721,728,729,755,756,766,767,772,773,833,834,859,860,862,863,876,877,890,891,923,924,934,935,940,941,963,964,967,968,987,988,994,995
[0, Z x Z, 0, 0, 0] : 21,22,24,26,27,29,31,32,35,50,89,92,94,100,102,108,110,112,114,116,120,125,127,129,132,135,139,141,146,147,151,152,153,155,157,159,161,162,164,165,168,172,174,180,182,192,194,198,205,207,208,212,219,221,222,228,230,233,234,237,238,239,242,243,246,247,248,274,275,277,278,280,281,287,289,291,293,308,309,312,315,316,317,318,319,320,321,330,331,333,335,336,338,339,341,344,346,349,358,359,361,363,365,367,369,389,390,432,433,436,439,440,441,442,443,444,445,506,509,513,515,519,522,525,526,530,531,534,538,539,541,544,546,547,549,550,552,554,556,558,559,562,584,595,596,599,605,607,609,613,615,620,622,624,625,627,631,635,654,666,668,670,671,673,674,677,681,682,692,693,695,697,702,704,706,736,737,741,742,745,748,749,750,751,752,753,754,801,803,806,807,809,811,813,815,816,819,822,826,827,829,832,871,872,873,885,896,902,903,905,909,910,913,916,917,918,919,920,921,922,966
[0, Z x Z, C2 x C2, 0, C2 x C2] : 551,808
[0, Z x Z, C2, 0, C2] : 97,106,510
[0, Z x Z, Z x Z, 0, 0] : 236,245,311,313,435,437,548,557,744,746,805,814,912,914
[0, Z x Z, Z x Z, Z x Z x Z x Z, Z^8] : 148,149,178,179,183,184,200,201,214,215,226,227,266,267,271,272,282,283,294,295,322,323,324,325,350,351,352,353,387,388,527,528,535,536,662,663,664,665,678,679,689,690,698,699,700,701,734,735,793,794,795,796,797,798,799,800,823,824,851,852,853,854,855,856,857,858,868,869,961,962
[0, Z x Z, Z x Z, Z x Z, Z x Z] : 232,235,241,244,307,310,314,431,434,438,560,740,743,747,817,870,908,911,915
[0, Z x Z, Z, Z, Z] : 122,143,169,171,176,186,187,188,190,195,202,204,216,218,224,268,270,285,286,327,328,355,356,561,565,566,570,579,581,586,588,589,591,592,603,604,628,656,658,659,661,684,685,686,688,861,865,882,884,887,889,898,899
[0, Z, 0, 0, 0] : 19,39,48,49,51,54,59,69,71,90,91,95,96,99,103,104,107,109,111,113,115,117,118,119,121,123,124,126,130,131,134,136,137,138,140,144,154,156,158,166,167,170,177,185,189,191,193,196,197,199,203,206,210,211,213,217,225,256,259,260,261,263,265,269,284,290,292,298,299,303,326,329,332,340,342,343,345,347,348,354,357,362,364,366,368,413,414,418,422,423,427,477,478,487,489,499,501,503,504,508,512,516,517,518,520,521,523,532,533,537,542,543,563,564,569,580,587,590,593,594,597,598,600,601,602,606,608,610,611,612,614,616,619,621,629,630,632,633,634,636,644,647,648,649,651,653,657,660,675,676,683,687,694,696,705,779,780,789,791,818,820,821,825,830,831,839,840,842,864,883,888,895,897,900,901,904,947,948,957,959,965,973,974,976,1001,1002,1011,1013
[0, Z, C2, 0, C2] : 379,455,841,975
[0, Z, Z x Z x Z, 0, 0] : 68,255,482,502,643,784,838,952,972,1006
[0, Z, Z, 0, 0] : 93,101,133,142,163,173,175,181,209,220,223,229,276,288,334,337,360,507,514,524,540,585,623,626,655,667,672,680,691,703,804,828,886
[0, Z, Z, Z, Z] : 64,67,251,254,483,505,639,642,785,953,1007
